Id,Name
0ZEAD000002VCLV4A4,Study
0ZEAD000002VCLW4A4,CCE
